"","taille","poids","age","y"
"1",156,61,26,0
"2",166,77,55,1
"3",180,68,74,1
"4",153,53,45,0
"5",164,54,39,0
"6",166,72,48,1
"7",172,70,71,1
"8",162,50,32,0
"9",184,78,73,1
"10",163,75,30,0
"11",169,69,28,0
"12",174,86,63,1
"13",161,67,30,0
"14",154,62,67,1
"15",182,89,69,1
"16",141,37,38,0
"17",173,69,71,1
"18",165,46,61,0
"19",175,92,59,1
"20",169,70,25,0
"21",185,81,61,1
"22",153,63,64,1
"23",180,73,44,0
"24",184,81,63,1
"25",165,60,32,0
"26",140,55,31,1
"27",169,52,26,0
"28",159,76,38,1
"29",172,85,35,0
"30",167,82,78,1
"31",172,72,64,1
"32",168,75,42,0
"33",175,91,52,1
"34",162,65,55,1
"35",157,69,79,1
"36",159,55,25,0
"37",147,22,50,0
"38",155,69,56,1
"39",159,71,68,1
"40",162,82,57,1
"41",161,53,30,0
"42",145,27,67,0
"43",156,46,73,1
"44",184,85,68,1
"45",171,60,48,0
"46",184,77,28,0
"47",161,54,61,1
"48",164,59,70,1
"49",163,78,68,1
"50",153,59,54,1
"51",156,49,79,1
"52",185,84,72,1
"53",159,47,34,0
"54",177,58,60,0
"55",154,37,32,0
"56",145,35,55,0
"57",161,57,40,0
"58",174,63,35,0
"59",176,78,78,1
"60",181,70,25,0
"61",147,27,70,0
"62",185,83,53,0
"63",157,72,54,1
"64",166,59,26,0
"65",170,64,76,1
"66",156,68,71,1
"67",145,55,71,1
"68",160,65,34,0
"69",165,65,76,1
"70",156,65,73,1
"71",155,66,53,1
"72",168,70,66,1
"73",163,76,47,1
"74",169,78,66,1
"75",164,53,50,0
"76",155,58,54,1
"77",178,93,71,1
"78",172,72,37,0
"79",175,94,42,1
"80",150,41,68,1
"81",174,89,44,1
"82",148,78,33,1
"83",159,75,29,0
"84",151,64,66,1
"85",142,43,41,0
"86",183,65,26,0
"87",158,48,58,0
"88",162,46,74,1
"89",161,49,41,0
"90",168,71,67,1
"91",181,80,30,0
"92",181,75,51,0
"93",153,40,58,0
"94",151,44,79,1
"95",149,64,61,1
"96",152,38,54,0
"97",184,69,25,0
"98",165,53,30,0
"99",156,52,28,0
"100",158,66,43,0
"101",175,80,71,1
"102",167,53,69,1
"103",161,45,70,1
"104",157,58,36,0
"105",156,48,52,0
"106",185,102,47,1
"107",174,84,79,1
"108",185,77,67,1
"109",160,63,25,0
"110",161,76,58,1
"111",154,42,30,0
"112",162,52,61,1
"113",169,67,76,1
"114",178,68,63,1
"115",170,53,62,0
"116",169,67,42,0
"117",177,91,40,0
"118",176,76,59,1
"119",166,63,31,0
"120",157,54,69,1
"121",177,69,61,0
"122",166,84,73,1
"123",182,104,47,1
"124",160,55,71,1
"125",154,45,38,0
"126",170,62,30,0
"127",158,62,45,0
"128",171,54,64,0
"129",147,58,67,1
"130",147,71,40,1
"131",171,84,76,1
"132",168,63,31,0
"133",173,73,36,0
"134",144,42,52,0
"135",177,84,73,1
"136",177,68,54,0
"137",175,72,50,0
"138",172,70,43,0
"139",186,86,61,1
"140",150,53,33,0
"141",159,48,38,0
"142",169,75,56,1
"143",156,65,60,1
"144",165,67,74,1
"145",172,87,68,1
"146",158,9,76,0
"147",171,81,27,0
"148",170,81,77,1
"149",156,70,42,1
"150",155,48,37,0
"151",174,54,40,0
"152",163,58,45,0
"153",172,81,60,1
"154",156,49,56,0
"155",177,71,71,1
"156",151,42,53,0
"157",172,92,73,1
"158",169,64,55,0
"159",167,53,74,1
"160",171,78,78,1
"161",168,86,48,1
"162",158,70,37,0
"163",162,77,52,1
"164",168,54,55,0
"165",151,45,78,1
"166",156,69,58,1
"167",185,84,70,1
"168",144,48,57,1
"169",152,43,50,0
"170",174,69,52,0
"171",175,77,70,1
"172",173,92,50,1
"173",165,63,40,0
"174",168,67,38,0
"175",155,47,56,0
"176",158,69,69,1
"177",162,53,41,0
"178",155,65,38,1
"179",173,77,54,1
"180",148,34,54,0
"181",154,27,79,0
"182",152,54,52,1
"183",168,59,68,1
"184",153,58,67,1
"185",170,81,53,1
"186",176,62,60,0
"187",165,64,48,0
"188",170,72,32,0
"189",158,74,29,0
"190",170,79,48,1
"191",152,64,31,0
"192",164,69,60,1
"193",151,43,64,1
"194",162,48,43,0
"195",175,77,44,0
"196",172,68,57,0
"197",160,67,38,0
"198",157,47,74,1
"199",156,63,38,0
"200",157,64,40,0
"201",167,72,62,1
"202",154,38,58,0
"203",193,89,74,1
"204",167,78,72,1
"205",155,52,28,0
"206",168,51,74,1
"207",163,86,78,1
"208",161,53,40,0
"209",170,59,57,0
"210",167,71,34,0
"211",175,69,68,1
"212",159,59,66,1
"213",182,80,50,0
"214",150,59,32,0
"215",166,66,75,1
"216",169,61,28,0
"217",177,76,68,1
"218",151,38,76,1
"219",153,41,61,0
"220",181,74,44,0
"221",168,79,66,1
"222",172,56,28,0
"223",157,66,52,1
"224",184,73,55,0
"225",165,76,36,0
"226",169,69,51,0
"227",164,69,62,1
"228",173,70,66,1
"229",161,66,55,1
"230",187,92,43,0
"231",180,84,56,1
"232",145,21,55,0
"233",158,54,43,0
"234",164,53,34,0
"235",147,49,58,1
"236",154,54,70,1
"237",159,54,39,0
"238",169,84,33,0
"239",165,73,36,0
"240",159,40,77,1
"241",164,64,34,0
"242",193,72,61,0
"243",176,88,67,1
"244",170,81,69,1
"245",172,66,58,1
"246",159,55,75,1
"247",166,41,66,0
"248",167,78,29,0
"249",160,78,54,1
"250",160,46,56,0
"251",170,60,79,1
"252",160,47,33,0
"253",163,46,72,1
"254",161,82,36,1
"255",173,79,45,0
"256",169,61,64,1
"257",161,40,78,1
"258",162,53,30,0
"259",174,79,77,1
"260",163,50,60,0
"261",178,83,73,1
"262",164,74,70,1
"263",161,54,62,0
"264",145,69,28,1
"265",158,68,30,0
"266",151,34,36,0
"267",184,93,41,0
"268",169,72,51,1
"269",170,67,56,1
"270",164,71,29,0
"271",137,33,54,0
"272",164,65,62,1
"273",165,64,79,1
"274",152,48,41,0
"275",167,90,65,1
"276",181,89,34,0
"277",164,66,25,0
"278",175,82,63,1
"279",160,65,38,0
"280",165,62,29,0
"281",185,93,65,1
"282",171,72,79,1
"283",177,105,26,0
"284",158,50,42,0
"285",178,88,41,0
"286",181,87,79,1
"287",176,63,33,0
"288",165,58,27,0
"289",178,68,36,0
"290",164,71,65,1
"291",153,59,42,1
"292",170,107,39,1
"293",165,87,49,1
"294",162,63,31,0
"295",179,68,41,0
"296",161,49,48,0
"297",169,91,45,1
"298",144,29,29,0
"299",151,46,66,1
"300",158,54,58,1
"301",161,41,76,1
"302",161,66,29,0
"303",173,84,28,0
"304",146,48,30,0
"305",172,55,43,0
"306",172,86,60,1
"307",166,55,29,0
"308",174,69,74,1
"309",177,90,61,1
"310",158,64,25,0
"311",170,55,75,1
"312",160,78,67,1
"313",159,52,34,0
"314",145,37,41,0
"315",159,60,31,0
"316",169,72,72,1
"317",177,71,59,0
"318",166,84,40,1
"319",165,73,33,0
"320",162,54,49,0
"321",160,60,58,1
"322",175,82,29,0
"323",174,81,61,1
"324",168,74,49,0
"325",167,71,61,1
"326",170,78,39,0
"327",174,71,60,1
"328",184,91,72,1
"329",180,66,64,0
"330",161,55,52,0
"331",174,82,37,0
"332",164,64,38,0
"333",163,76,66,1
"334",172,72,55,1
"335",175,63,32,0
"336",161,70,38,0
"337",172,53,39,0
"338",164,65,62,1
"339",179,80,55,1
"340",169,54,78,1
"341",166,69,70,1
"342",168,69,42,0
"343",152,31,68,0
"344",167,62,49,0
"345",172,86,36,0
"346",162,55,51,0
"347",161,56,37,0
"348",174,50,75,1
"349",173,89,61,1
"350",168,60,48,0
"351",179,76,56,0
"352",171,65,62,1
"353",161,98,44,1
"354",180,57,73,0
"355",188,92,64,1
"356",178,72,65,1
"357",155,24,32,0
"358",173,57,73,1
"359",172,69,48,0
"360",166,67,72,1
"361",180,65,58,0
"362",179,82,42,0
"363",161,76,34,0
"364",160,62,51,1
"365",146,45,69,1
"366",153,20,40,0
"367",160,54,79,1
"368",176,69,37,0
"369",161,62,48,0
"370",165,70,41,0
"371",163,57,63,1
"372",187,117,55,1
"373",156,50,77,1
"374",177,80,31,0
"375",164,55,62,1
"376",158,50,43,0
"377",162,71,44,0
"378",190,92,66,1
"379",166,67,66,1
"380",172,66,39,0
"381",160,75,43,1
"382",157,45,53,0
"383",166,62,30,0
"384",157,32,65,0
"385",178,63,46,0
"386",149,26,25,0
"387",165,48,41,0
"388",164,63,62,1
"389",179,84,76,1
"390",173,77,36,0
"391",166,56,51,0
"392",178,87,30,0
"393",177,86,76,1
"394",173,90,70,1
"395",163,62,71,1
"396",168,81,65,1
"397",155,66,28,0
"398",176,92,70,1
"399",167,72,45,0
"400",174,60,75,1
"401",162,75,44,1
"402",137,60,53,1
"403",154,51,47,0
"404",156,42,36,0
"405",173,76,55,1
"406",162,44,48,0
"407",157,79,38,1
"408",140,24,78,1
"409",176,74,29,0
"410",165,64,37,0
"411",165,63,55,0
"412",153,65,45,1
"413",167,59,56,0
"414",152,59,69,1
"415",163,62,73,1
"416",151,55,27,0
"417",176,73,76,1
"418",154,86,43,1
"419",180,90,50,1
"420",167,95,41,1
"421",172,52,64,0
"422",152,57,63,1
"423",179,70,59,0
"424",172,71,53,1
"425",177,69,47,0
"426",173,81,29,0
"427",170,64,67,1
"428",172,78,41,0
"429",153,51,59,1
"430",168,58,65,1
"431",153,53,42,0
"432",161,60,62,1
"433",154,64,32,0
"434",178,76,60,1
"435",165,79,74,1
"436",164,54,36,0
"437",160,54,36,0
"438",167,55,40,0
"439",164,82,39,1
"440",160,62,62,1
"441",143,51,75,1
"442",162,65,52,1
"443",149,47,44,0
"444",167,52,42,0
"445",167,61,59,1
"446",163,74,53,1
"447",157,60,63,1
"448",175,69,58,1
"449",144,48,57,1
"450",170,70,69,1
"451",158,61,62,1
"452",165,66,46,0
"453",162,74,33,0
"454",155,50,47,0
"455",180,85,50,0
"456",162,51,42,0
"457",159,64,62,1
"458",185,82,41,0
"459",171,57,41,0
"460",167,65,28,0
"461",164,53,78,1
"462",166,82,36,0
"463",162,56,47,0
"464",158,56,49,0
"465",174,71,38,0
"466",169,59,36,0
"467",169,73,34,0
"468",164,64,78,1
"469",178,80,50,1
"470",151,55,49,1
"471",180,79,68,1
"472",179,63,29,0
"473",174,73,54,1
"474",151,42,40,0
"475",167,57,77,1
"476",157,86,35,1
"477",161,51,35,0
"478",158,67,62,1
"479",140,26,77,1
"480",159,57,62,1
"481",154,37,25,0
"482",166,72,28,0
"483",156,56,53,1
"484",164,69,50,1
"485",180,84,31,0
"486",152,49,28,0
"487",148,59,27,0
"488",165,73,50,1
"489",155,40,62,0
"490",155,55,50,0
"491",173,87,51,1
"492",166,69,66,1
"493",177,87,70,1
"494",154,56,56,1
"495",168,70,49,0
"496",164,52,37,0
"497",152,54,28,0
"498",155,42,66,1
"499",163,79,26,0
"500",166,70,75,1
"501",160,49,76,1
"502",171,71,33,0
"503",157,75,61,1
"504",159,59,57,1
"505",167,65,65,1
"506",177,61,66,1
"507",157,85,57,1
"508",177,82,64,1
"509",153,51,30,0
"510",179,83,60,1
"511",149,41,27,0
"512",166,50,65,0
"513",149,43,49,0
"514",186,97,51,1
"515",167,67,31,0
"516",169,61,33,0
"517",183,73,40,0
"518",171,59,57,0
"519",164,70,52,1
"520",173,74,25,0
"521",166,67,77,1
"522",173,89,50,1
"523",169,63,71,1
"524",166,59,42,0
"525",163,80,76,1
"526",172,84,68,1
"527",175,69,36,0
"528",165,58,47,0
"529",182,89,73,1
"530",165,67,66,1
"531",144,52,75,1
"532",161,67,31,0
"533",181,86,45,0
"534",176,65,74,1
"535",163,80,51,1
"536",159,69,64,1
"537",180,88,65,1
"538",161,63,49,1
"539",177,82,70,1
"540",171,55,76,1
"541",165,49,63,0
"542",164,68,43,0
"543",156,55,46,0
"544",182,79,49,0
"545",155,42,59,0
"546",170,78,53,1
"547",160,26,70,0
"548",154,38,66,0
"549",152,66,31,0
"550",186,113,54,1
"551",168,56,35,0
"552",170,49,44,0
"553",174,61,64,0
"554",179,91,54,1
"555",163,54,73,1
"556",172,73,71,1
"557",158,62,48,1
"558",185,102,31,0
"559",179,80,49,0
"560",166,68,43,0
"561",172,66,43,0
"562",157,64,75,1
"563",179,85,68,1
"564",151,58,34,0
"565",152,61,31,0
"566",179,96,34,0
"567",191,66,40,0
"568",178,93,44,0
"569",176,67,35,0
"570",162,47,37,0
"571",176,76,74,1
"572",172,82,48,1
"573",165,45,78,1
"574",164,53,40,0
"575",176,72,78,1
"576",153,51,45,0
"577",175,67,76,1
"578",165,87,59,1
"579",173,69,62,1
"580",178,91,52,1
"581",159,51,44,0
"582",171,69,36,0
"583",161,72,78,1
"584",173,78,41,0
"585",165,78,71,1
"586",161,44,36,0
"587",156,48,71,1
"588",161,64,70,1
"589",164,63,26,0
"590",179,79,58,1
"591",157,58,69,1
"592",169,66,68,1
"593",156,40,61,0
"594",163,52,72,1
"595",166,45,71,0
"596",148,52,53,1
"597",172,87,50,1
"598",163,55,28,0
"599",149,50,28,0
"600",154,55,73,1
"601",153,57,33,0
"602",163,59,33,0
"603",156,57,31,0
"604",158,73,42,1
"605",176,68,75,1
"606",174,76,39,0
"607",166,68,78,1
"608",180,71,55,0
"609",173,87,78,1
"610",155,60,61,1
"611",161,38,44,0
"612",152,65,73,1
"613",170,64,69,1
"614",170,92,41,1
"615",166,85,34,0
"616",162,49,79,1
"617",174,73,39,0
"618",152,60,34,0
"619",159,45,58,0
"620",167,70,25,0
"621",159,30,40,0
"622",172,74,67,1
"623",166,74,76,1
"624",165,58,64,1
"625",178,51,49,0
"626",168,65,30,0
"627",157,56,71,1
"628",146,27,72,0
"629",176,67,37,0
"630",150,58,28,0
"631",162,72,63,1
"632",172,61,31,0
"633",155,50,68,1
"634",177,85,75,1
"635",167,64,59,1
"636",157,59,54,1
"637",185,90,31,0
"638",156,55,62,1
"639",164,89,51,1
"640",173,87,60,1
"641",160,64,58,1
"642",145,46,30,0
"643",149,57,44,1
"644",156,50,38,0
"645",160,55,34,0
"646",172,69,74,1
"647",153,43,79,1
"648",168,67,30,0
"649",155,33,28,0
"650",158,42,62,0
"651",178,91,66,1
"652",182,84,26,0
"653",169,71,56,1
"654",154,62,45,1
"655",180,82,67,1
"656",166,82,34,0
"657",161,59,61,1
"658",153,61,55,1
"659",154,57,74,1
"660",155,42,34,0
"661",156,49,50,0
"662",184,91,43,0
"663",182,94,63,1
"664",155,35,59,0
"665",176,92,61,1
"666",159,49,62,1
"667",171,88,60,1
"668",158,40,49,0
"669",148,54,28,0
"670",177,66,56,0
"671",149,65,46,1
"672",168,88,30,0
"673",158,54,52,0
"674",188,62,47,0
"675",164,60,58,1
"676",157,80,76,1
"677",157,49,72,1
"678",165,59,43,0
"679",160,67,29,0
"680",147,68,59,1
"681",148,39,56,0
"682",167,43,42,0
"683",166,65,26,0
"684",159,62,32,0
"685",159,68,34,0
"686",169,67,51,0
"687",160,59,30,0
"688",162,38,56,0
"689",160,63,27,0
"690",162,66,75,1
"691",166,70,32,0
"692",156,47,70,1
"693",174,70,48,0
"694",160,63,56,1
"695",166,81,67,1
"696",165,65,66,1
"697",157,59,61,1
"698",160,59,77,1
"699",172,80,43,0
"700",171,66,79,1
"701",177,91,52,1
"702",167,70,66,1
"703",161,70,30,0
"704",179,83,70,1
"705",165,77,76,1
"706",178,67,67,1
"707",166,61,28,0
"708",164,49,25,0
"709",156,80,44,1
"710",167,63,45,0
"711",142,61,75,1
"712",176,61,60,0
"713",174,57,60,0
"714",171,57,43,0
"715",167,64,70,1
"716",170,55,43,0
"717",174,61,31,0
"718",157,64,26,0
"719",183,61,63,0
"720",178,91,53,1
"721",166,68,37,0
"722",168,66,57,1
"723",179,88,77,1
"724",152,46,41,0
"725",157,59,26,0
"726",173,73,52,0
"727",164,83,63,1
"728",177,92,44,0
"729",138,46,54,1
"730",155,54,73,1
"731",172,85,60,1
"732",185,71,67,1
"733",176,75,43,0
"734",168,74,46,0
"735",176,38,53,0
"736",171,41,31,0
"737",161,46,63,1
"738",147,47,65,1
"739",183,88,55,1
"740",161,65,42,0
"741",167,60,57,0
"742",182,83,42,0
"743",174,53,42,0
"744",170,80,27,0
"745",161,50,72,1
"746",160,61,71,1
"747",161,48,33,0
"748",183,67,66,0
"749",173,78,69,1
"750",168,48,61,0
"751",169,59,68,1
"752",160,31,28,0
"753",167,49,75,1
"754",149,57,45,1
"755",164,45,51,0
"756",166,58,74,1
"757",156,56,67,1
"758",153,69,29,0
"759",157,56,30,0
"760",165,84,31,0
"761",161,75,34,0
"762",168,75,74,1
"763",161,56,48,0
"764",164,64,69,1
"765",191,100,53,1
"766",171,65,56,0
"767",166,65,43,0
"768",154,73,77,1
"769",162,44,71,1
"770",156,47,64,1
"771",176,107,25,0
"772",162,66,43,0
"773",159,58,41,0
"774",168,67,29,0
"775",159,64,31,0
"776",169,41,66,0
"777",146,58,62,1
"778",167,67,31,0
"779",164,82,67,1
"780",149,40,64,0
"781",164,72,58,1
"782",153,47,53,0
"783",166,56,34,0
"784",168,65,43,0
"785",170,58,76,1
"786",159,37,45,0
"787",177,62,29,0
"788",174,66,30,0
"789",164,59,65,1
"790",168,63,73,1
"791",180,107,42,1
"792",168,59,76,1
"793",153,31,38,0
"794",163,57,35,0
"795",162,68,59,1
"796",161,59,61,1
"797",165,51,60,0
"798",162,52,70,1
"799",176,89,28,0
"800",189,85,39,0
"801",158,82,30,1
"802",142,35,76,1
"803",168,78,62,1
"804",162,81,77,1
"805",164,42,73,0
"806",158,35,72,0
"807",174,94,46,1
"808",188,94,30,0
"809",179,66,30,0
"810",160,77,34,0
"811",159,54,53,1
"812",155,58,44,0
"813",166,108,31,1
"814",148,52,64,1
"815",163,83,76,1
"816",159,42,47,0
"817",146,62,63,1
"818",161,57,54,1
"819",168,60,63,1
"820",151,47,77,1
"821",150,45,69,1
"822",176,79,54,1
"823",177,84,52,1
"824",166,65,63,1
"825",147,49,73,1
"826",167,72,78,1
"827",166,71,68,1
"828",149,59,29,0
"829",163,63,66,1
"830",186,86,52,0
"831",168,70,69,1
"832",184,87,37,0
"833",159,60,62,1
"834",170,63,69,1
"835",174,80,51,1
"836",161,51,54,0
"837",176,57,34,0
"838",156,48,44,0
"839",169,46,71,1
"840",169,72,52,1
"841",184,101,47,1
"842",174,67,33,0
"843",175,83,55,1
"844",145,31,76,1
"845",169,69,72,1
"846",160,69,73,1
"847",163,69,37,0
"848",165,78,26,0
"849",141,53,33,0
"850",161,65,56,1
"851",153,42,77,1
"852",162,66,67,1
"853",173,67,42,0
"854",157,73,36,1
"855",170,81,47,1
"856",160,66,57,1
"857",186,98,66,1
"858",160,76,34,0
"859",151,46,68,1
"860",171,98,58,1
"861",173,73,74,1
"862",161,81,78,1
"863",173,72,78,1
"864",180,90,72,1
"865",155,57,76,1
"866",181,98,51,1
"867",160,66,63,1
"868",154,67,35,0
"869",164,50,37,0
"870",149,48,54,1
"871",157,59,74,1
"872",174,75,28,0
"873",164,54,59,0
"874",168,53,34,0
"875",160,77,46,1
"876",164,65,45,0
"877",168,79,42,0
"878",161,68,28,0
"879",157,68,75,1
"880",170,77,60,1
"881",170,67,72,1
"882",181,84,38,0
"883",172,85,53,1
"884",165,77,68,1
"885",151,51,62,1
"886",170,83,72,1
"887",158,80,50,1
"888",170,64,26,0
"889",185,106,50,1
"890",156,49,26,0
"891",164,60,54,0
"892",165,63,33,0
"893",154,41,42,0
"894",157,64,28,0
"895",168,85,49,1
"896",160,39,50,0
"897",168,89,27,0
"898",173,69,27,0
"899",168,76,38,0
"900",163,67,26,0
"901",167,72,79,1
"902",175,81,76,1
"903",165,63,39,0
"904",163,54,25,0
"905",164,46,76,1
"906",168,58,77,1
"907",171,71,25,0
"908",165,47,29,0
"909",155,62,45,1
"910",159,57,38,0
"911",186,82,76,1
"912",167,55,27,0
"913",177,74,61,1
"914",175,72,61,1
"915",175,79,51,1
"916",195,73,66,0
"917",162,61,29,0
"918",175,62,51,0
"919",170,74,59,1
"920",157,57,54,0
"921",171,73,41,0
"922",174,84,36,0
"923",165,59,65,1
"924",165,62,29,0
"925",168,71,70,1
"926",153,58,61,1
"927",163,84,65,1
"928",167,62,32,0
"929",163,75,76,1
"930",170,76,67,1
"931",160,46,45,0
"932",154,36,72,1
"933",167,68,61,1
"934",160,47,35,0
"935",179,73,55,0
"936",138,19,47,0
"937",174,98,30,0
"938",173,74,55,1
"939",143,22,26,0
"940",166,74,64,1
"941",168,67,50,0
"942",165,47,28,0
"943",169,82,51,1
"944",152,55,79,1
"945",176,78,76,1
"946",165,85,42,1
"947",148,36,49,0
"948",169,77,75,1
"949",165,65,33,0
"950",158,53,71,1
"951",153,65,53,1
"952",162,51,31,0
"953",152,41,38,0
"954",181,63,29,0
"955",165,52,32,0
"956",170,43,44,0
"957",163,50,73,1
"958",171,76,75,1
"959",154,49,26,0
"960",164,62,47,0
"961",160,33,63,0
"962",159,51,34,0
"963",167,74,46,0
"964",156,80,79,1
"965",155,68,30,0
"966",156,37,61,0
"967",167,68,63,1
"968",164,67,63,1
"969",183,80,61,1
"970",176,82,25,0
"971",180,84,37,0
"972",167,67,29,0
"973",157,41,52,0
"974",153,33,77,1
"975",153,57,29,0
"976",149,46,68,1
"977",144,51,56,1
"978",167,69,53,1
"979",168,36,53,0
"980",162,43,77,1
"981",173,101,79,1
"982",149,49,59,1
"983",159,39,58,0
"984",162,53,26,0
"985",158,62,36,0
"986",165,61,43,0
"987",150,41,28,0
"988",167,75,28,0
"989",155,34,29,0
"990",161,68,77,1
"991",160,40,74,1
"992",170,65,44,0
"993",171,77,39,0
"994",193,100,39,0
"995",168,78,72,1
"996",171,84,29,0
"997",148,49,49,0
"998",161,75,74,1
"999",163,74,69,1
"1000",149,52,66,1
